6769876887698999876367898543212378997654321
5456965476567999985457897654301456989743210
4349864345476889876778999864323699879654329
3298753212345678989889298765459989768965498
4349432101346789999992169876798778957896796
5498763212457899999743456989987667945997985
6569854343568999897654599797898543234589876
7679878987699598789775988676987632123578987
8999989398789699678989876545698821014567898
9889895459893987565699876123799935223698979
8679789599912398434989765234899876434899765
7567678989101995429878984349998989545999854
5434569878919876998767895498987987656789543
6323498767899989897656789987676698767898632
3210997856789998756545679878534569898987321
4329896545456987643334789964323457989876320
5679765432346987532123458953212345678985431
6789874321234597645634567894101558789996563
